
Descriptive Statistics
===================================================================
Statistic                      N   Mean   St. Dev.   Min     Max   
-------------------------------------------------------------------
trade_level_High_Trade         85   0.3     0.4       0       1    
trade_level_Intermediate_Trade 85   0.4     0.5       0       1    
trade_level_Low_Trade          85   0.3     0.5       0       1    
trade                          85  78.8     47.3    17.6    343.4  
trade_open                     85   0.4     0.5       0       1    
catho80                        85  40.7     38.7     0.0     97.3  
non_catholic_80                85  59.3     38.7     2.7    100.0  
party_list                     84  114.5   129.6     0.0    510.3  
oecd                           85   0.3     0.5       0       1    
pind                           85   0.5     0.5      0.0     1.0   
pindo                          85   0.6     0.5      0.0     1.0   
ctrycd                         85  430.9   284.9     111     968   
col_uk                         85   0.4     0.5       0       1    
t_indep                        85  119.7    89.8      6      250   
col_uka                        85   0.3     0.4      0.0     0.9   
col_espa                       85   0.1     0.1      0.0     0.8   
col_otha                       85   0.2     0.4      0.0     1.0   
legor_uk                       85   0.4     0.5       0       1    
legor_so                       85   0.1     0.3       0       1    
legor_fr                       85   0.4     0.5       0       1    
legor_ge                       85   0.1     0.3       0       1    
legor_sc                       85   0.1     0.2       0       1    
prot80                         85  17.5     25.5     0.0     97.8  
confu                          85   0.1     0.3       0       1    
avelf                          85   0.3     0.3      0.0     0.8   
govef                          81   4.2     1.8      0.8     7.3   
graft                          81   4.2     1.9      0.7     6.9   
logyl                          74   9.2     0.9      7.0     10.5  
loga                           73   8.2     0.6      6.3     9.0   
yrsopen                        75   0.5     0.5      0.0     4.1   
gadp                           75   0.7     0.2      0.3     1.0   
engfrac                        78   0.1     0.3      0.0     1.0   
eurfrac                        78   0.4     0.4      0.0     1.0   
frankrom                       78   2.9     0.8      0.9     5.6   
latitude                       78  18.0     27.9    -36.9    63.9  
gastil                         85   2.4     1.2      1.0     4.9   
cgexp                          82  28.8     10.5     9.7     51.2  
cgrev                          78  26.5     10.1     8.9     50.8  
ssw                            71   8.1     6.7      0.1     22.4  
rgdph                          85 6,688.6 5,495.2   530.2  20,782.8
prop1564                       84  62.1     5.8     49.0     71.7  
prop65                         84   8.4     4.9      2.3     17.4  
federal                        83   0.2     0.4       0       1    
eduger                         82  88.6     17.7    40.0    117.1  
spropn                         77   0.1     0.2      0.0     1.0   
yearele                        81 1,965.5   36.9   1,800.0 1,994.0 
yearreg                        81 1,961.5   40.2    1,800   1,994  
seats                          85  215.4   162.5    15.0    656.0  
maj                            85   0.4     0.5       0       1    
pres                           85   0.4     0.5       0       1    
lyp                            85   8.4     1.0      6.3     9.9   
semi                           85   0.1     0.3       0       1    
majpar                         85   0.2     0.4      0.0     1.0   
majpres                        85   0.1     0.3      0.0     1.0   
propres                        85   0.3     0.4      0.0     1.0   
dem_age                        85 1,958.3   43.7    1,800   1,994  
lat01                          78   0.3     0.2     0.003    0.7   
age                            85   0.2     0.2     0.03     1.0   
polityIV                       80   7.2     3.6     -6.0     10.0  
spl                            74  -2.2     3.5     -11.4    12.6  
cpi9500                        71   4.8     2.4      0.3     8.2   
du_60ctry                      85   0.7     0.5       0       1    
magn                           84   0.5     0.4     0.01     1.0   
sdm                            77   0.4     0.4     0.01     1.0   
oecd.x                         85   0.3     0.4       0       1    
mining_gdp                     77   4.3     6.7     0.02     37.2  
gini_8090                      72  39.2     10.4    19.5     62.3  
con2150                        85   0.1     0.3       0       1    
con5180                        85   0.3     0.5       0       1    
con81                          85   0.5     0.5       0       1    
maj_bad                        85   1.1     1.6      0.0     4.9   
maj_gin                        72  16.4     21.0     0.0     62.0  
maj_old                        85   0.1     0.2      0.0     1.0   
pres_bad                       85   1.2     1.7      0.0     4.9   
pres_gin                       72  16.7     22.9     0.0     62.0  
pres_old                       85   0.1     0.2      0.0     1.0   
propar                         85   0.4     0.5       0       1    
lpop                           60  15.9     1.9     11.6     20.6  
continent_other                85   0.4     0.5       0       1    
continent_africa               85   0.1     0.3       0       1    
continent_asiae                85   0.2     0.4       0       1    
continent_laam                 85   0.3     0.4       0       1    
-------------------------------------------------------------------
