
Descriptive Statistics
========================================================
Statistic        N    Mean   St. Dev.   Min       Max   
--------------------------------------------------------
oecd             85   0.29     0.46      0         1    
pind             85   0.46     0.47     0.00     1.00   
pindo            85   0.61     0.46     0.00     1.00   
ctrycd           85  430.88   284.89    111       968   
col_uk           85   0.35     0.48      0         1    
t_indep          85  119.73   89.76      6        250   
col_uka          85   0.28     0.39     0.00     0.93   
col_espa         85   0.06     0.13     0.00     0.79   
col_otha         85   0.22     0.36     0.00     0.98   
legor_uk         85   0.39     0.49      0         1    
legor_so         85   0.13     0.34      0         1    
legor_fr         85   0.35     0.48      0         1    
legor_ge         85   0.07     0.26      0         1    
legor_sc         85   0.06     0.24      0         1    
prot80           85  17.46    25.50     0.00     97.80  
catho80          85  40.69    38.66     0.00     97.30  
confu            85   0.07     0.26      0         1    
avelf            85   0.29     0.26     0.00     0.84   
govef            81   4.21     1.75     0.84     7.26   
graft            81   4.17     1.89     0.74     6.92   
logyl            74   9.23     0.90     6.95     10.48  
loga             73   8.17     0.61     6.28     9.02   
yrsopen          75   0.52     0.54     0.00     4.09   
gadp             75   0.69     0.20     0.31     1.00   
engfrac          78   0.14     0.32     0.00     1.00   
eurfrac          78   0.40     0.44     0.00     1.00   
frankrom         78   2.87     0.84     0.94     5.64   
latitude         78  17.96    27.87    -36.89    63.89  
gastil           85   2.44     1.23     1.00     4.89   
cgexp            82  28.82    10.49     9.74     51.18  
cgrev            78  26.49    10.12     8.92     50.85  
ssw              71   8.15     6.67     0.13     22.38  
rgdph            85 6,688.63 5,495.17  530.22  20,782.81
trade            85  78.77    47.34    17.56    343.39  
prop1564         84  62.07     5.76    49.05     71.70  
prop65           84   8.45     4.89     2.30     17.43  
federal          83   0.16     0.37      0         1    
eduger           82  88.58    17.70    40.05    117.11  
spropn           77   0.13     0.25     0.00     1.00   
yearele          81 1,965.55  36.85   1,800.00 1,994.00 
yearreg          81 1,961.48  40.16    1,800     1,994  
seats            85  215.45   162.54   15.00    656.00  
maj              85   0.39     0.49      0         1    
pres             85   0.39     0.49      0         1    
lyp              85   8.41     0.97     6.27     9.94   
semi             85   0.11     0.31      0         1    
majpar           85   0.25     0.42     0.00     1.00   
majpres          85   0.13     0.33     0.00     1.00   
propres          85   0.26     0.44     0.00     1.00   
dem_age          85 1,958.34  43.74    1,800     1,994  
lat01            78   0.32     0.19    0.003     0.71   
age              85   0.21     0.22     0.03     1.00   
polityIV         80   7.17     3.64    -6.00     10.00  
spl              74  -2.18     3.48    -11.36    12.59  
cpi9500          71   4.81     2.38     0.27     8.25   
du_60ctry        85   0.71     0.46      0         1    
magn             84   0.47     0.40     0.01     1.00   
sdm              77   0.35     0.39     0.01     1.00   
oecd.x           85   0.27     0.45      0         1    
mining_gdp       77   4.26     6.72     0.02     37.20  
gini_8090        72  39.20    10.41    19.49     62.30  
con2150          85   0.11     0.31      0         1    
con5180          85   0.29     0.46      0         1    
con81            85   0.49     0.50      0         1    
list             84  114.48   129.55    0.00    510.33  
maj_bad          85   1.06     1.60     0.00     4.89   
maj_gin          72  16.40    20.96     0.00     62.00  
maj_old          85   0.08     0.19     0.00     1.00   
pres_bad         85   1.21     1.69     0.00     4.89   
pres_gin         72  16.66    22.90     0.00     62.00  
pres_old         85   0.06     0.16     0.00     1.00   
propar           85   0.35     0.48      0         1    
lpop             60  15.90     1.92    11.61     20.63  
continent_other  85   0.45     0.50      0         1    
continent_africa 85   0.13     0.34      0         1    
continent_asiae  85   0.15     0.36      0         1    
continent_laam   85   0.27     0.45      0         1    
--------------------------------------------------------
